camera_matrix:
  cols: 3
  data: [337.3318016399144, 0.0, 337.53419532062605, 0.0, 336.6694680674868, 225.67436800682876,
    0.0, 0.0, 1.0]
  rows: 3
camera_name: birdbot5/camera_node
distortion_coefficients:
  cols: 5
  data: [-0.27352067022156396, 0.05369088476348931, 0.0016409967398801567, 0.0015887015217675943,
    0.0]
  rows: 1
distortion_model: plumb_bob
image_height: 480
image_width: 640
projection_matrix:
  cols: 4
  data: [235.44732666015625, 0.0, 341.651916081275, 0.0, 0.0, 277.1107177734375, 220.02053353458177,
    0.0, 0.0, 0.0, 1.0, 0.0]
  rows: 3
rectification_matrix:
  cols: 3
  data: [1.0, 0.0, 0.0, 0.0, 1.0, 0.0, 0.0, 0.0, 1.0]
  rows: 3
